[Variables]
ercf_calib_0 = 1.0
ercf_calib_1 = 0.999889135265
ercf_calib_2 = 1.00733709903
ercf_calib_3 = 1.00359929903
ercf_calib_4 = 1.01299629621
ercf_calib_5 = 0.999889135265
ercf_calib_6 = 1.00174078181
ercf_calib_7 = 2.97209340163
ercf_calib_ref = 595.075215

