[Variables]
ercf_calib_0 = 1.0
ercf_calib_1 = 1.00446416016
ercf_calib_10 = 1.0
ercf_calib_11 = 1.0
ercf_calib_2 = 1.00446416016
ercf_calib_3 = 0.815051467839
ercf_calib_4 = 0.852099261831
ercf_calib_5 = 0.90442114633
ercf_calib_6 = 0.972679346053
ercf_calib_7 = 1.01082363413
ercf_calib_8 = 1.01082363413
ercf_calib_9 = 1.0
ercf_calib_ref = 166.6666875
