[Variables]
ercf_calib_0 = 1.0
ercf_calib_1 = 1.004704454535
ercf_calib_10 = 1.0
ercf_calib_11 = 1.0
ercf_calib_2 = 1.001030946475
ercf_calib_3 = 1.002864336486
ercf_calib_4 = 1.008405023428
ercf_calib_5 = 1.012132953275
ercf_calib_6 = 1.004704454535
ercf_calib_7 = 1.0
ercf_calib_8 = 1.0
ercf_calib_9 = 1.0
ercf_calib_ref = 578.3
ercf_calib_version = 2

